20
1 16
2
1 1 2
4 1 2
教学楼A 程莉 计算机网络 112230
1
001
0
0
1 16
1
1 3 5
教学楼B 周锋 计算机组成原理 112231
1
001
0
0
5 5
1
2 3 5
教学楼C 程莉 计算机网络课程设计 112232
1
001
0
0
1 16
2
2 6 7
4 6 7
教学楼Z 宋林泽 毛泽东思想和中国特色社会主义理论体系概论 112233
1
001
0
0
1 16
1
4 3 4
教学楼A 王尊亮 数据结构课程设计 112234
1
001
0
0
1 16
1
4 8 9
体育场 吴迪 体育基础 112235
1
001
0
0
11 13
1
5 1 2
教学楼X 马院02 形势与政策 112236
1
001
0
0
1 16
1
5 3 5
教学楼A 王洪波 面向对象程序设计实践（c++） 112237
1
001
0
0
1 16
1
1 1 2
教学楼B 仝辉 数学实验 112238
1
004
0
0
1 16
1
1 3 5
教学楼X 黄煜可 概率论与数理统计 112239
1
004
0
0
1 16
2
1 6 7
3 3 4
教学楼Y 赵玉枝 毛泽东思想和中国特色社会主义理论体系概论 112240
1
004
0
0
1 16
1
1 9 11
教学楼B 田辉 计算机原理 112241
1
004
0
0
1 16
1
2 6 7
教学楼D 蔡红霞 跨文化交际英语 112242
1
004
0
0
1 16
1
2 8 9
体育场 吴兆斌 体育基础 112243
1
004
0
0
11 13
1
2 10 11
教学楼Z 马院02 形势与政策 112244
1
004
0
0
1 16
1
4 3 4
教学楼B 李昊辰 计算方法 112245
1
004
0
0
1 16
1
4 9 11
教学楼B 李江军 数字信号处理 112246
1
004
0
0
1 16
1
5 1 2
教学楼E 姚海鹏 计算机网络 112247
1
004
0
0
1 16
1
5 3 5
教学楼F 孙勇 程序设计综合实验 112248
1
004
0
0
9 16
1
5 6 7
教学楼F 武穆青 信息与通信技术前沿 112249
1
004
0
0
