20

13 13
1
6 8 9
体育场1 校园慢跑
2
001
004

11 11
1
6 8 9
教学楼E 演讲比赛
2
001
004

9 9
1
6 8 9
食堂2 包饺子大赛
2
001
004

18 18
1
6 1 2
体育场1 篮球赛1
2
001
004

18 18
1
6 2 3
食堂 厨艺大赛
1
001

18 18
1
6 3 4
教学楼E 创业讲座
2
001
004

18 18
1
1 4 5
体育场2 足球赛
1
001

18 18
2 1 5
教学楼Z 创业实践
1
001

18 18
2 6 7
教学楼X 数据结构实验
2
001
004

18 18
4 8 9
教学楼X 大班会
2
001
004

13 13
1
6 8 9
体育场1 校园慢跑
2
001
004

11 11
1
6 8 9
教学楼E 演讲比赛
2
001
004

9 9
1
6 8 9
食堂2 包饺子大赛
2
001
004

19 19
1
1 1 2
体育场1 篮球赛
2
001
004

19 19
1
1 2 3
食堂 厨艺大赛
1
001

19 19
1
1 3 4
教学楼E 创业讲座
2
001
004

19 19
1
1 4 5
体育场2 足球赛
1
001

19 19
2 1 5
教学楼Z 创业实践
1
001

19 19
2 6 7
教学楼X 数据结构实验
2
001
004

19 19
4 8 9
教学楼X 大班会
2
001
004