69 201
西校区大门
东校区大门
体育场1
宿舍楼A
洗衣房1
宿舍楼B
宿舍楼C
洗衣房2
理发店1
宿舍楼D
宿舍楼E
宿舍楼F
食堂1
食堂2
超市1
教学楼C
教学楼B
教学楼A
教学楼F
超市2
图书馆
体育馆1
教学楼E
教学楼D
办公楼A
办公楼B
办公楼C
宿舍楼G
宿舍楼H
超市3
洗衣房3
宿舍楼I
理发店2
办公楼D
四维码广场
开水房1
自行车停车场
汽车停车场
校医院1
办公楼Z
办公楼X
超市4
办公楼Y
办公楼W
教学楼Z
教学楼Y
体育馆2
教学楼X
食堂3
超市5
食堂4
宿舍楼Z
宿舍楼Y
洗衣房4
宿舍楼X
理发店3
食堂5
开水房2
打印店2
打印店1
体育场2
游泳馆
宿舍楼W
办公楼U
办公楼T
宿舍楼Y
洗衣店5
超市6
办公楼V
0 1 3
1 1 0
1 2 0
2 2 0
2 2 0
2 3 0
3 4 0
4 4 0
4 6 0
4 2 2
2 7 0
7 5 0
5 3 0
8 2 0
9 8 0
9 6 0
8 4 0
10 7 0
11 5 0
11 10 0
7 1 0
8 1 2
9 1 0
10 1 0
9 4 2
3 7 2
11 7 2
13 5 0
13 11 0
13 3 0
3 3 0
3 14 0
4 4 0
3 3 0
3 3 0
3 3 0
3 12 0
12 12 0
12 4 2
6 12 0
14 13 2
12 14 2
18 17 0
18 6 0
18 12 0
17 12 0
17 16 2
16 14 0
12 16 0
15 16 2
15 14 0
13 15 0
19 18 0
19 9 0
6 19 0
20 20 0
20 10 0
20 11 0
20 20 0
21 20 2
11 21 0
13 21 0
15 20 0
13 20 0
23 17 0
22 16 0
22 23 0
23 18 0
22 15 0
24 23 0
24 18 0
22 25 0
25 20 0
26 15 2
26 26 0
26 25 0
22 22 0
22 26 2
26 20 0
27 28 0
31 27 0
27 30 0
31 30 2
30 29 0
29 29 0
28 28 0
28 29 0
32 32 0
30 32 0
32 31 0
30 28 2
28 23 0
22 28 0
27 22 0
25 31 0
31 22 0
24 33 2
33 28 0
33 29 0
24 28 0
32 25 0
22 34 2
34 25 2
34 31 2
36 36 0
36 18 0
37 29 0
33 37 0
24 36 0
36 37 0
36 33 0
35 36 0
18 18 0
35 18 0
38 35 0
38 18 0
19 38 0
39 0 0
40 39 0
40 40 0
40 41 0
41 0 0
41 39 0
42 0 0
42 39 0
42 43 0
39 43 0
43 44 0
44 45 0
46 42 0
43 46 2
44 46 2
46 45 0
47 45 0
47 44 0
48 48 0
48 47 0
48 44 0
48 43 0
48 39 0
48 49 2
49 39 0
50 39 0
40 50 0
50 50 0
49 50 2
52 51 0
52 41 0
51 41 0
51 40 0
54 53 0
53 40 0
51 53 0
53 50 0
50 50 0
54 50 0
51 51 0
51 54 0
54 55 0
56 56 0
56 50 2
56 54 0
55 56 0
59 23 2
59 22 2
59 59 0
59 59 0
59 16 2
56 57 0
57 49 0
57 58 0
57 48 0
50 57 0
60 57 0
60 48 0
60 47 0
61 47 0
60 61 0
58 56 0
58 60 0
58 55 0
62 47 0
62 62 0
62 63 0
63 64 0
62 65 0
65 64 0
65 65 0
65 60 0
58 65 0
66 58 0
67 55 0
67 58 0
66 67 0
66 65 0
60 62 0
68 66 0
68 64 0
63 65 2
65 68 2
68 67 0
